['casts_A', 'casts_B', 'casts_C', 'dirs_A', 'dirs_B', 'day']
CriticAvg========================
bayes:[0.25446478092068764, 0.2518053244592346]
knn:[0.39260491772970973, 0.23634220743205767]
svc:[0.3010260676650028, 0.2742651136993899]
neuralnet:[0.27925679423183586, 0.2746810870770937]
AudienceAvg========================
bayes:[0.25456923645775553, 0.252936772046589]
knn:[0.39688944352005917, 0.24123682750970604]
svc:[0.3119800332778702, 0.2805047143649473]
neuralnet:[0.2898294509151414, 0.2895174708818636]


['casts_A', 'casts_B', 'casts_C', 'dirs_A', 'dirs_B']
CriticAvg========================
bayes:[0.253603253836199, 0.2519023849140321]
knn:[0.36099094102421897, 0.23707709373266778]
svc:[0.29612682566093546, 0.2706600110926234]
neuralnet:[0.27949944536882976, 0.27773155851358844]
AudienceAvg========================
bayes:[0.2545553706784987, 0.2527343316694398]
knn:[0.3659225365132187, 0.24183305601774824]
svc:[0.30213533000554627, 0.2868829728230726]
neuralnet:[0.290869384359401, 0.2842138103161398]
